image_width: 640
image_height: 480
camera_name: usb_cam
camera_matrix:
  rows: 3
  cols: 3
  data: [632.882463, 0.000000, 305.322306, 0.000000, 643.573628, 174.344612, 0.000000, 0.000000, 1.000000]
distortion_model: plumb_bob
distortion_coefficients:
  rows: 1
  cols: 5
  data: [0.270833, -0.240424, -0.067509, -0.001601, 0.000000]
rectification_matrix:
  rows: 3
  cols: 3
  data: [1.000000, 0.000000, 0.000000, 0.000000, 1.000000, 0.000000, 0.000000, 0.000000, 1.000000]
projection_matrix:
  rows: 3
  cols: 4
  data: [687.906738, 0.000000, 305.346479, 0.000000, 0.000000, 657.831848, 151.955171, 0.000000, 0.000000, 0.000000, 1.000000, 0.000000]
